dtt=1.000000e-21
t=0.000000e+00
S-0=1.000000e+00
S-1=2.000000e+00
outflow_corr_factor-0=1.000000e+00
outflow_corr_factor-1=1.000000e+00
fixed_status-0=0
fixed_status-1=0
